3.008528029473469090e+01 2.197107437480687153e+01 2.748273900999597430e+01 2.404806690105068867e+01 2.376152037828514096e+01 2.479156443718114033e+01 2.618707493531845287e+01 2.803488478036660680e+01 2.344690985492206181e+01 2.329897200180780104e+01 2.740716850369913971e+01 2.200377926441059984e+01 2.320520262318217419e+01 2.012863149779552785e+01 2.554565754226226204e+01 2.319268880080864648e+01 2.471044109417909240e+01 2.303388865600489765e+01 2.469832961926172743e+01 2.479385060318127287e+01 2.436466389215698314e+01 2.345857126736111908e+01 2.403755383553891889e+01 2.416479768032031572e+01 2.321393667417849116e+01 2.325822438292413352e+01 2.260234151121391477e+01 2.119084124605909025e+01 2.493807508763123337e+01 2.135642237511199326e+01 2.420656145389281733e+01 2.306762532929422349e+01 2.229538793440845978e+01 2.607189836647537717e+01 2.419208675130659358e+01 2.450751047134554383e+01 2.359221334489561883e+01 2.008552481897808306e+01 2.417897289339725120e+01 2.129440177954004554e+01 2.385872844281425742e+01 2.702277776108827112e+01 2.141869498326914467e+01 2.180007370863019389e+01 2.324498660650686332e+01 2.280072108404943521e+01 2.241617303021882535e+01 2.377138808165413053e+01 2.319559912316205441e+01 2.295244860301792755e+01 2.284205419316422336e+01 2.294972171457535737e+01 2.179982337844677076e+01 2.161245063007366340e+01 2.387894404771681778e+01 2.359841783986216157e+01 2.265861952227750464e+01 1.976308214049560519e+01 2.360046328863338516e+01 2.562306128890289614e+01 2.385004794284566287e+01 2.258406337133981268e+01 2.418867467238686331e+01 2.360441819698880295e+01 2.020404211564104813e+01 2.067473708917959030e+01 2.178035056421695970e+01 2.436926779826348621e+01 2.398076542438254677e+01 2.228759043705274934e+01 2.167706170126760412e+01 2.324082152776778543e+01 2.311018028166505189e+01 2.210124449389623891e+01 2.257588145363763843e+01 2.134405443569473704e+01 2.317233576683878482e+01 2.557530257762067905e+01 2.335977526217372713e+01 2.325602442911034373e+01 2.177595192528115575e+01 2.269675711760126902e+01 2.268775018042660108e+01 1.972468569005064865e+01 2.167552621757072373e+01 2.468153232128754127e+01 2.266395638225442966e+01 2.287505648268259506e+01 2.190018086945000775e+01 2.299029083953038466e+01 2.677910057434110058e+01 2.318954034119903085e+01 2.384329475406241272e+01 2.048718176591673412e+01 2.164130974835202537e+01 2.341610767335148324e+01 2.401644387511961298e+01 2.575344246042151042e+01 2.189830599621399188e+01 2.078335735995423050e+01
2.197107437480687153e+01 3.158965081583736279e+01 2.551115713094814552e+01 2.464037946307785631e+01 2.432715427611285364e+01 2.557062760495233178e+01 2.621224568145184719e+01 2.890638556124470426e+01 2.380579123841699385e+01 2.363543180272431243e+01 2.582550907997006817e+01 2.327615412903941206e+01 2.465480397169736548e+01 2.137657720911732895e+01 2.524650143532869606e+01 2.364616910825889562e+01 2.482618947307309654e+01 2.290265074883432561e+01 2.497917670261261236e+01 2.665555811829126753e+01 2.459703726105741950e+01 2.612850779509900789e+01 2.666159957452379103e+01 2.269224635044786709e+01 2.272305074413947779e+01 2.279931944844141611e+01 2.482339485039778282e+01 2.180675434650680700e+01 2.615579482064806527e+01 2.315314312329076074e+01 2.471507061488415857e+01 2.394960836301783758e+01 2.333810796247811226e+01 2.597898075450437716e+01 2.260413720346263489e+01 2.467393063913584683e+01 2.572960145129653853e+01 2.146911708151008469e+01 2.546619129353130973e+01 2.213200158846364118e+01 2.241091913920444156e+01 2.881926400631950713e+01 2.197064976940528780e+01 2.487925076967497162e+01 2.485981556522480318e+01 2.314138536601561214e+01 2.305008327209732144e+01 2.360998094382315671e+01 2.443182657535565383e+01 2.334144241706694700e+01 2.661793416246894139e+01 2.485550663652558256e+01 2.254448639748870065e+01 2.404738191665251179e+01 2.430326142210790152e+01 2.204444720953856418e+01 2.342445017607168367e+01 1.973858756213997623e+01 2.551480481123535071e+01 2.519662035321817584e+01 2.551867259006709787e+01 2.261923637687771915e+01 2.460480393652219888e+01 2.429349269334245065e+01 2.177264724727362122e+01 2.101192603726395802e+01 2.459738226652742554e+01 2.435254967193370490e+01 2.422955313343434369e+01 2.513752253875834342e+01 2.274095978994797917e+01 2.555025042219076781e+01 2.558958513928672573e+01 2.228923238809679219e+01 2.263385296770516675e+01 2.120240720468117246e+01 2.329623422005394673e+01 2.741748156792245084e+01 2.470495041017394655e+01 2.450662491712187929e+01 2.035612270912882948e+01 2.459870730731989497e+01 2.523470707537648750e+01 2.169782976408086483e+01 2.369892509911793965e+01 2.831603160194421775e+01 2.303761635528531926e+01 2.418871484368206026e+01 2.333843018731586838e+01 2.400731545304311254e+01 2.619845351519422394e+01 2.511556280374142958e+01 2.503723189143414629e+01 2.121482759533413898e+01 2.358453167198287304e+01 2.416761987304870729e+01 2.440571113222916466e+01 2.539021981939595207e+01 2.212502231277064269e+01 2.037742387382513698e+01
2.748273900999597430e+01 2.551115713094814552e+01 3.662046705383448142e+01 2.867943422497531714e+01 2.698642390774629973e+01 2.947228814772351413e+01 2.788734053265327972e+01 3.234517271173905328e+01 2.727168998986356740e+01 2.748717695207975709e+01 3.022326475285795055e+01 2.479775067802643918e+01 2.703224956733163253e+01 2.463266307124415633e+01 2.732000298755992418e+01 2.624883643334043626e+01 2.789007912693412194e+01 2.484959802792594630e+01 2.744669077033555382e+01 2.932608915910790159e+01 3.034788756995779835e+01 2.829276971097100457e+01 2.784807453945204969e+01 2.686033727305339269e+01 2.470813557470430055e+01 2.640481793262869203e+01 2.634822895077082094e+01 2.429623766877556790e+01 2.957006277764093127e+01 2.509365126691583825e+01 2.782147439777137876e+01 2.623712080077435260e+01 2.587264320347745183e+01 3.037555988340121971e+01 2.682655033447894866e+01 2.778467838712717963e+01 2.774234650550173953e+01 2.390715780654686640e+01 2.712514459474659390e+01 2.399037243512567485e+01 2.405910808496162545e+01 3.157037508016290772e+01 2.715904896647213462e+01 2.730285570360587855e+01 2.830117138436263247e+01 2.622038506598354601e+01 2.372527404194771705e+01 2.678937232598604723e+01 2.705700657997720882e+01 2.757441624224376042e+01 2.901593484973617620e+01 2.687482245919172641e+01 2.546067883422429290e+01 2.496758188791879363e+01 2.844565518907897328e+01 2.511013689146453842e+01 2.760748838384882120e+01 2.324365102871064082e+01 2.846384612326652075e+01 2.721121414090278634e+01 2.760230897797787009e+01 2.667767699331634645e+01 2.788265148732351406e+01 2.784099225862373572e+01 2.320711359247137651e+01 2.336711448195550389e+01 2.790609871264065944e+01 2.508102931493389320e+01 2.729483680885227770e+01 2.611789740420250538e+01 2.519115336502745706e+01 2.852777929100725629e+01 2.604138423130429558e+01 2.367067655381963576e+01 2.645636254128208975e+01 2.620789269032136204e+01 2.626329498398764883e+01 2.793402091042829483e+01 2.716064683162201021e+01 2.773241032044085941e+01 2.391357818359997367e+01 2.678285503470495499e+01 2.652702745834232090e+01 2.318098275775431105e+01 2.567510016795989358e+01 2.898674359944721246e+01 2.574688653091988755e+01 2.816065642530483970e+01 2.671785616953080478e+01 2.574258654843389493e+01 3.037854784332957081e+01 2.744908337482135607e+01 2.687287418311883158e+01 2.256161509460836356e+01 2.619027688379913599e+01 2.689102555393578342e+01 2.646729025148600556e+01 2.967502032945139945e+01 2.590646879388804535e+01 2.348079014642001283e+01
2.404806690105068867e+01 2.464037946307785631e+01 2.867943422497531714e+01 3.507969496412697197e+01 2.632224540101703525e+01 2.748865961328411345e+01 2.856292444188040491e+01 3.257066493848866884e+01 2.619877747190625783e+01 2.630277341480590536e+01 2.755913114947073694e+01 2.401493129023722872e+01 2.444711655403079220e+01 2.540183227968485014e+01 2.748094403695987253e+01 2.672816328762034388e+01 2.657178378578145939e+01 2.354043472803901693e+01 2.811099662686747180e+01 2.886173001118790182e+01 2.908190337763713273e+01 2.804578665129971426e+01 2.789050185978343777e+01 2.677512308500245908e+01 2.450699913191831669e+01 2.689649822531374213e+01 2.638259408007605344e+01 2.475978660155564270e+01 2.817656503277764912e+01 2.435491959422377661e+01 2.720737129171409308e+01 2.680329559266352391e+01 2.663760621450122557e+01 2.810544394164884352e+01 2.636899862246783144e+01 2.735997239971846895e+01 2.626969941411504905e+01 2.312364437362586145e+01 2.783998720092196422e+01 2.284530526540090278e+01 2.417587729173247979e+01 2.938329680285311341e+01 2.547035080849944322e+01 2.628629306701482804e+01 2.590288580231642612e+01 2.551076215839199790e+01 2.388509912440870053e+01 2.611058682064719960e+01 2.674202297208810464e+01 2.609368876738923149e+01 2.686915141262179318e+01 2.493500003968218337e+01 2.581104342150383246e+01 2.398122743877111063e+01 2.640268714054129617e+01 2.522394457651662592e+01 2.746162621157684924e+01 2.138510524102793298e+01 2.738166663250158805e+01 2.644308811635587020e+01 2.734364205534321002e+01 2.629791372541096450e+01 2.794507861219967992e+01 2.755163263376948279e+01 2.282156486751863866e+01 2.191823445594178565e+01 2.691014531133786036e+01 2.540215223533952127e+01 2.770186649771942200e+01 2.734319967916719918e+01 2.394236574870560830e+01 2.749348416062246869e+01 2.512192073636023082e+01 2.422787162563018626e+01 2.528020195126515546e+01 2.377834716141150651e+01 2.507042191391947128e+01 2.688108479398494666e+01 2.691836781943278467e+01 2.734451929570139228e+01 2.317538570320379776e+01 2.622148065618542745e+01 2.613843864282747020e+01 2.360837459450018372e+01 2.540734690700969622e+01 2.713322399862690659e+01 2.334321632519046474e+01 2.528234215263842799e+01 2.567396541313355485e+01 2.508837159447578102e+01 2.718062244162938867e+01 2.510683221558493372e+01 2.762710184300998506e+01 2.194448053842591051e+01 2.587770489541826890e+01 2.600817114729152735e+01 2.491305949239651341e+01 2.940050847406450174e+01 2.424464655473213526e+01 2.311995377908031912e+01
2.376152037828514096e+01 2.432715427611285364e+01 2.698642390774629973e+01 2.632224540101703525e+01 3.472200068048655908e+01 2.745869295919820274e+01 2.576183873474955988e+01 2.998907293012289443e+01 2.474362833499672831e+01 2.491113913701565608e+01 2.597674791137404782e+01 2.267085738402633055e+01 2.337491562657296384e+01 2.199590382049926163e+01 2.691388016240279413e+01 2.529088855397757385e+01 2.861275031601829255e+01 2.356517116461282768e+01 2.514660932901589874e+01 2.639426795012480298e+01 2.811229534375573991e+01 2.516539897218403965e+01 2.565035462523997722e+01 2.687614935808116812e+01 2.520088386091629573e+01 2.501179429741069882e+01 2.560141701435802020e+01 2.263024500138197226e+01 2.594276099901728827e+01 2.402453421285547819e+01 2.652474957925509003e+01 2.557763525719450826e+01 2.635959088190756461e+01 2.853377994810740148e+01 2.488366614885046246e+01 2.444832152242572931e+01 2.606332641966236352e+01 2.360131521539036115e+01 2.768106457387657215e+01 2.292572729396849596e+01 2.479190606954553289e+01 2.942995788283687020e+01 2.396585694192644667e+01 2.451576640679566665e+01 2.580370463661563818e+01 2.417837017036660896e+01 2.390156872430213753e+01 2.462471533167853011e+01 2.608688178309966688e+01 2.667485842397402607e+01 2.739349709410883804e+01 2.466917478426130117e+01 2.516885457867543252e+01 2.403334870933311151e+01 2.497506953353374470e+01 2.420002204335776597e+01 2.621712456342690345e+01 2.206482358174115888e+01 2.797729482644340138e+01 2.683400572667768103e+01 2.672158163787691265e+01 2.293974774255927684e+01 2.601052351996822409e+01 2.594996571889816650e+01 2.560868944830435723e+01 2.167459128143100955e+01 2.440357386986530841e+01 2.604114784351381218e+01 2.507750466618812268e+01 2.490649388077233084e+01 2.219394188705692983e+01 2.646235949768579943e+01 2.466166524945263916e+01 2.429116984609914454e+01 2.539575251418740010e+01 2.368074767615197018e+01 2.455636615088391039e+01 2.775591000827060384e+01 2.498963731048481307e+01 2.602029030677648080e+01 2.137849428413973385e+01 2.482335450367261132e+01 2.511942642984994123e+01 2.366002547905028308e+01 2.610451704315859089e+01 2.913511016479399274e+01 2.438154554087774173e+01 2.697351466475735648e+01 2.577945797730958688e+01 2.411105220208363420e+01 2.876001384337765998e+01 2.619647566744849954e+01 2.546232513983031609e+01 2.149624364735760551e+01 2.428221944890756134e+01 2.616656536896609708e+01 2.424986711686351271e+01 2.899786492549582562e+01 2.363735073567967504e+01 2.428858419671232127e+01
2.479156443718114033e+01 2.557062760495233178e+01 2.947228814772351413e+01 2.748865961328411345e+01 2.745869295919820274e+01 3.634381590372117898e+01 2.629081016327024756e+01 3.155796011632316578e+01 2.680846506485537972e+01 2.716005202684840469e+01 2.860852447561574152e+01 2.382059447345019265e+01 2.707860245198548554e+01 2.386518399531143686e+01 2.702835250609442497e+01 2.641220424758276053e+01 2.618798546816467265e+01 2.498776390625467769e+01 2.826354023382964797e+01 2.748878064631713869e+01 2.749612741957424689e+01 2.851791554083879987e+01 2.662352461061525233e+01 2.835741210488260577e+01 2.606117886022803276e+01 2.536676950893012261e+01 2.681770054333590281e+01 2.421138103307784917e+01 2.791521899361473302e+01 2.622463514233470505e+01 2.789325412094506262e+01 2.790930170463490967e+01 2.538398813169918355e+01 2.931792224399503510e+01 2.513302081756206263e+01 2.723169811047621280e+01 2.689891520347597975e+01 2.404870989376233581e+01 2.744546834237191035e+01 2.349769053095646143e+01 2.520771265410330741e+01 3.172468169994084874e+01 2.526032139449887737e+01 2.723063255216175094e+01 2.757178642927958734e+01 2.738812471996429920e+01 2.492755655432279838e+01 2.606064920879332192e+01 2.694067336575168525e+01 2.703760566118362973e+01 2.908283801729599816e+01 2.589385871875992606e+01 2.604966793964862148e+01 2.457410936727221085e+01 2.643879372121795512e+01 2.572448977710892493e+01 2.639136050068432127e+01 2.325443655980674507e+01 2.859975305631629539e+01 2.724888176971918696e+01 2.667079781459422705e+01 2.540852739865053067e+01 2.698411003145433895e+01 2.775728115936789919e+01 2.399742282444869801e+01 2.313796228335927196e+01 2.659487821140660557e+01 2.526710338979914994e+01 2.683162756520058068e+01 2.610075102163603944e+01 2.583344358454413836e+01 2.948724591508815962e+01 2.590853864351913671e+01 2.460445833269383797e+01 2.481211591633195113e+01 2.499403006323097287e+01 2.589504959795140238e+01 2.931050295158305374e+01 2.697235078984052947e+01 2.715090490169524884e+01 2.421222135753603766e+01 2.647509805150720652e+01 2.667501883192291956e+01 2.281635742011199852e+01 2.604946903797148394e+01 2.874707391753676333e+01 2.513185930981490657e+01 2.674173848025852607e+01 2.580578526329001221e+01 2.645104910161145995e+01 2.966845294102852648e+01 2.580095993469803872e+01 2.666690756014232377e+01 2.183209721614245780e+01 2.710703671193127207e+01 2.582686847821764786e+01 2.606009533077429552e+01 2.834986846383854697e+01 2.474466107326966124e+01 2.403318910388793839e+01
2.618707493531845287e+01 2.621224568145184719e+01 2.788734053265327972e+01 2.856292444188040491e+01 2.576183873474955988e+01 2.629081016327024756e+01 3.580834226729817260e+01 3.082585894127833370e+01 2.564280356086703705e+01 2.508709970900288866e+01 2.712433833672253058e+01 2.379980939103852222e+01 2.622626824471499063e+01 2.433693459093086631e+01 2.742723777923642814e+01 2.526243162224060157e+01 2.753053169194457794e+01 2.471572751577595284e+01 2.771717541488803249e+01 2.881629430541716630e+01 2.729485397715701822e+01 2.878613845230422186e+01 2.702549157985979633e+01 2.586797962828806163e+01 2.454978685319980158e+01 2.375110004497455307e+01 2.598475802127737921e+01 2.420876845823300982e+01 2.748364262244423628e+01 2.376288308388215498e+01 2.610140130585770990e+01 2.707603384343196495e+01 2.561828979530013939e+01 2.875299751835529705e+01 2.639699805371695263e+01 2.745913901277032565e+01 2.659615459823359984e+01 2.420761160583936800e+01 2.615449780479361053e+01 2.447450616792223244e+01 2.444902540441651340e+01 2.964505289484018746e+01 2.433432822592279265e+01 2.590911213090803500e+01 2.684283029564300449e+01 2.361427768308886144e+01 2.349008329186835553e+01 2.664810136147930564e+01 2.513646255106365146e+01 2.446946095495348317e+01 2.669042263165449569e+01 2.420755004888801665e+01 2.506624488952045837e+01 2.493820013527231083e+01 2.679743692520269605e+01 2.503450794026396409e+01 2.652046673503559404e+01 2.161635237903114870e+01 2.675011658860316288e+01 2.827267671248783998e+01 2.746141258388525586e+01 2.510199459204791950e+01 2.689041228428859398e+01 2.639527981657867173e+01 2.299438370270810239e+01 2.284434198621476497e+01 2.512992019644910258e+01 2.592074087328692400e+01 2.699653585365272690e+01 2.573725453023954657e+01 2.212977592425401596e+01 2.746390840196124472e+01 2.736394015744700425e+01 2.526450577708314427e+01 2.666484264045732289e+01 2.452174119286729592e+01 2.578502791017015738e+01 2.863879558771302669e+01 2.532050717248650074e+01 2.809278471307782254e+01 2.589757717579788476e+01 2.664690554630936958e+01 2.514978352993678712e+01 2.194519588804196530e+01 2.507657385914135162e+01 2.734769313798380708e+01 2.407716377948989361e+01 2.600460141264892755e+01 2.364868811248942038e+01 2.690661822046068608e+01 2.730926951372173050e+01 2.572254392920123323e+01 2.637355857800851311e+01 2.325464214910572736e+01 2.611209739326982060e+01 2.385384258180884487e+01 2.660347689005194738e+01 2.769132765404597762e+01 2.376350049929678221e+01 2.289631821295197156e+01
2.803488478036660680e+01 2.890638556124470426e+01 3.234517271173905328e+01 3.257066493848866884e+01 2.998907293012289443e+01 3.155796011632316578e+01 3.082585894127833370e+01 4.372388402349160685e+01 2.798944976362891524e+01 3.100156781311127574e+01 3.358341464682967370e+01 2.908847644140698918e+01 3.003397486980317765e+01 2.875965946137031537e+01 3.036035929984238280e+01 2.963818136331986608e+01 3.197422004457014211e+01 2.767311399380744419e+01 3.170698566842097321e+01 3.215071569794049822e+01 3.135145673439741998e+01 3.153712791204010912e+01 3.170322975140697253e+01 3.064525032875490140e+01 2.792690446086201561e+01 2.917510968518649150e+01 2.947333083342527615e+01 2.735111205363696385e+01 3.194640681539836535e+01 2.747106143140043244e+01 3.210192205533372345e+01 2.907005249172073746e+01 2.975259614810386921e+01 3.226630515909162966e+01 2.816506917142312716e+01 3.169506709325568750e+01 3.073553124283426996e+01 2.722417845545612280e+01 3.119767796519728265e+01 2.706211720657188735e+01 2.799516985597994889e+01 3.357557860180552467e+01 2.892123949103200076e+01 3.108880785062004648e+01 3.232670282605623413e+01 2.795732138023294766e+01 2.716580517406620743e+01 2.997005907658285651e+01 3.146391154226598630e+01 2.968934385386274499e+01 3.306628668902037305e+01 2.833034275678046043e+01 2.802041259920772731e+01 2.776863358820828509e+01 3.028565345359006855e+01 2.866956694606176370e+01 2.966868624781235653e+01 2.573221046189031824e+01 3.111242579445682921e+01 3.157255304654798067e+01 3.138579924213895112e+01 3.034823384736958118e+01 3.196147083106744802e+01 3.095419733088431968e+01 2.673301102167632948e+01 2.623942524256776565e+01 2.898323253580782577e+01 3.052549336616493392e+01 3.020601420976694129e+01 3.122644679850059291e+01 2.831273413815597451e+01 3.079103530859925542e+01 2.819927278410332860e+01 2.748327646236720412e+01 2.771532837851419728e+01 2.927148581235924851e+01 3.012693921008643372e+01 3.157932642459024564e+01 3.131496157014985471e+01 3.192244782224425137e+01 2.687267183492171085e+01 3.130777727243364694e+01 3.016277143312461817e+01 2.643571056433061273e+01 3.107871657296025703e+01 3.332492448448091693e+01 2.945836268587628837e+01 2.943701383172833275e+01 2.977292931045915481e+01 2.818612883529033297e+01 3.230947604839489884e+01 2.993507790393634593e+01 3.190401427292991698e+01 2.518824561839447540e+01 2.968062660580669387e+01 2.930285412577524085e+01 2.923462571301092083e+01 3.197855248139327244e+01 2.837341190941901914e+01 2.754481229974808798e+01
2.344690985492206181e+01 2.380579123841699385e+01 2.727168998986356740e+01 2.619877747190625783e+01 2.474362833499672831e+01 2.680846506485537972e+01 2.564280356086703705e+01 2.798944976362891524e+01 3.131540644699475351e+01 2.415922711922841870e+01 2.669917803579460269e+01 2.194831866104278717e+01 2.462633350582222747e+01 2.324884699646469244e+01 2.528469652079661145e+01 2.472191643310329567e+01 2.596962810251833176e+01 2.364687173582895952e+01 2.594648421151695672e+01 2.601253440537830386e+01 2.580674558710962074e+01 2.551152610246044716e+01 2.474881258481411095e+01 2.393916012106971536e+01 2.392722461906679854e+01 2.403794611857272301e+01 2.511674264588738836e+01 2.189348733124764834e+01 2.727791172867314629e+01 2.246936107236967572e+01 2.541525095179584071e+01 2.551764828552763831e+01 2.346973763921067047e+01 2.577967881882094048e+01 2.284646647982566137e+01 2.674370445581225653e+01 2.611587562094314663e+01 2.242731907512987277e+01 2.514464799713772436e+01 2.294432333073502051e+01 2.259050311593151861e+01 2.896353098131741177e+01 2.401421457525661296e+01 2.535492817773313945e+01 2.397239536442290131e+01 2.389807131892635184e+01 2.432443923792201446e+01 2.436678350703084206e+01 2.462075502405042826e+01 2.430941632721349777e+01 2.589705404049094284e+01 2.351471746748218550e+01 2.446857901822612291e+01 2.349454302756740276e+01 2.473419769998108109e+01 2.329027491170998942e+01 2.435917445037216211e+01 2.211110772127257817e+01 2.446115743733906456e+01 2.546987388230496663e+01 2.440246426859834372e+01 2.215880679476671844e+01 2.530475370102998767e+01 2.477767269930130922e+01 2.220562374520420335e+01 2.111980569928231333e+01 2.479003577127965485e+01 2.488444882086899312e+01 2.544159540118644003e+01 2.371513772870618908e+01 2.320606068806974420e+01 2.525416723421170673e+01 2.512555825404447063e+01 2.295004072862772304e+01 2.431229504134132213e+01 2.395064369684768835e+01 2.346555132370911423e+01 2.599259121999958566e+01 2.589445862496229722e+01 2.495653708799346049e+01 2.217310182555593912e+01 2.467540804150284828e+01 2.473111049982678367e+01 1.982249035510857027e+01 2.482043253732284072e+01 2.657142722610560170e+01 2.181301263275764057e+01 2.395831438072604058e+01 2.346321327962878911e+01 2.272247438113845064e+01 2.718419736069000336e+01 2.279471880918448079e+01 2.448837094631277722e+01 2.233605840219671279e+01 2.452231802758587875e+01 2.500860932631798050e+01 2.493014911908041853e+01 2.673992432553377085e+01 2.258417425092237352e+01 2.184784942954030029e+01
2.329897200180780104e+01 2.363543180272431243e+01 2.748717695207975709e+01 2.630277341480590536e+01 2.491113913701565608e+01 2.716005202684840469e+01 2.508709970900288866e+01 3.100156781311127574e+01 2.415922711922841870e+01 3.130541318300952369e+01 2.674836976691253554e+01 2.330466169615470307e+01 2.590063012398464437e+01 2.372557229700995407e+01 2.630857246830265339e+01 2.403272517566956168e+01 2.511577923800083667e+01 2.237713428645974645e+01 2.515199588092836080e+01 2.606032159524809444e+01 2.563102036077979307e+01 2.576071862137499480e+01 2.599694236547325232e+01 2.502857104346749750e+01 2.406401831051414320e+01 2.362132916538066141e+01 2.341114369156565544e+01 2.391837070925526021e+01 2.684856938611752852e+01 2.220961165625478628e+01 2.510388138205694375e+01 2.534132199511961758e+01 2.457159027927069062e+01 2.789587809601000146e+01 2.313466958048289612e+01 2.512368271710464285e+01 2.431478325674163088e+01 2.196424288645558320e+01 2.627075320022889571e+01 2.193293539720625418e+01 2.360115982777654153e+01 2.865514687250508530e+01 2.233740278943202995e+01 2.418592701216992324e+01 2.498321778504601909e+01 2.487926489169295152e+01 2.134363485882463252e+01 2.381469989268228815e+01 2.551260041786088095e+01 2.463008139984274791e+01 2.623346192641270846e+01 2.331211529425203821e+01 2.377198384490795036e+01 2.311053213310511012e+01 2.603756690644461003e+01 2.409740057566876104e+01 2.475219462257149772e+01 2.098811183402469993e+01 2.529930459436377177e+01 2.561477100051089906e+01 2.598199757184347547e+01 2.507091651025509194e+01 2.454790876745180128e+01 2.539494599385834306e+01 2.176134288555583751e+01 2.137575662921498321e+01 2.436025723150165589e+01 2.443668136055869056e+01 2.408420442483103585e+01 2.463765608592807865e+01 2.274049117519633256e+01 2.675544361054399900e+01 2.379309624585688354e+01 2.234389629947217770e+01 2.356516318539046040e+01 2.356337100961227193e+01 2.433767789288978634e+01 2.562800244983250408e+01 2.526912530509173038e+01 2.455817861085051490e+01 2.164735714591528293e+01 2.390974064020705114e+01 2.528353519911954095e+01 2.181373609613378761e+01 2.558872128023604020e+01 2.639114436949583009e+01 2.358371931197367033e+01 2.406623922515744241e+01 2.358457954082949826e+01 2.386192114801671593e+01 2.706346524312152368e+01 2.323468036498812594e+01 2.483638036426278006e+01 2.086732630009852940e+01 2.560882219884545918e+01 2.404981224571669784e+01 2.504442754181960495e+01 2.650990456928960270e+01 2.346565918469035239e+01 2.161812338925965449e+01
2.740716850369913971e+01 2.582550907997006817e+01 3.022326475285795055e+01 2.755913114947073694e+01 2.597674791137404782e+01 2.860852447561574152e+01 2.712433833672253058e+01 3.358341464682967370e+01 2.669917803579460269e+01 2.674836976691253554e+01 3.761173002730988202e+01 2.514555862215307869e+01 2.733371000755554903e+01 2.510825965974403218e+01 2.827430090842067756e+01 2.538459206754029651e+01 2.670954266721857095e+01 2.490323671287549345e+01 2.688815291634786675e+01 2.788689270095828476e+01 2.797052550950524008e+01 2.824242205750132229e+01 2.832019825822887782e+01 2.781202610109593110e+01 2.729980476109157550e+01 2.533447466260457404e+01 2.738043380528326409e+01 2.515937571571943110e+01 2.794935374751971935e+01 2.524332007157650537e+01 2.975423775144920668e+01 2.655221750444903961e+01 2.612898824498353534e+01 2.931271698398734316e+01 2.527454762485043815e+01 2.787327940415941541e+01 2.697186095679086648e+01 2.394303320023498927e+01 2.776178238353098848e+01 2.368659803704316857e+01 2.670203866893341882e+01 3.159994587741888239e+01 2.544248528100447970e+01 2.638355110684199190e+01 2.857747102305642883e+01 2.816668047827858956e+01 2.497558730022027618e+01 2.782190142000809630e+01 2.744895195713122149e+01 2.770776824833337670e+01 2.835123341579777545e+01 2.718445525914114924e+01 2.732612141810334805e+01 2.662972349672651973e+01 2.906273332602374992e+01 2.622969556913774625e+01 2.644330967123105580e+01 2.331078418129711594e+01 2.864492171261711917e+01 2.996536499243780227e+01 2.714338965887421651e+01 2.626787784916568569e+01 2.824969921689496744e+01 2.867860692731637684e+01 2.455334524667453167e+01 2.382948957968357462e+01 2.826243209650906607e+01 2.863136802421970017e+01 2.867417134359716613e+01 2.792202292241971051e+01 2.578787500070550465e+01 2.785407233777039337e+01 2.724373281120545442e+01 2.549706805453013203e+01 2.707836722505593130e+01 2.652056817735100225e+01 2.572738555179117981e+01 3.020593376197678026e+01 2.704910166075912059e+01 2.874595395190100078e+01 2.471919461080713987e+01 2.629764088600303751e+01 2.736428895887766544e+01 2.294166932924030533e+01 2.634994633206340708e+01 2.928627094925395724e+01 2.508797748671450734e+01 2.710844893071896777e+01 2.663350156414530900e+01 2.532793124441439403e+01 3.015333080884498784e+01 2.661605640437101528e+01 2.712823438817109079e+01 2.352183607528630915e+01 2.740091037409025532e+01 2.729651329839053986e+01 2.665946873489046709e+01 2.933110402772366143e+01 2.669211467088850753e+01 2.418730055403043266e+01
2.200377926441059984e+01 2.327615412903941206e+01 2.479775067802643918e+01 2.401493129023722872e+01 2.267085738402633055e+01 2.382059447345019265e+01 2.379980939103852222e+01 2.908847644140698918e+01 2.194831866104278717e+01 2.330466169615470307e+01 2.514555862215307869e+01 2.880271223851711682e+01 2.380109437441601727e+01 2.061818247027410322e+01 2.380266429501138603e+01 2.304184705406072808e+01 2.353049512739527671e+01 2.159350690154270325e+01 2.399437039624412549e+01 2.423004415673015188e+01 2.391727087774394533e+01 2.408599820481621379e+01 2.520357221012138282e+01 2.312982888278114757e+01 2.091328013544589837e+01 2.072068854143935113e+01 2.496243434750610746e+01 2.026340915010381138e+01 2.532475790543090355e+01 2.098979607559273219e+01 2.419532400087523882e+01 2.274850667331604015e+01 2.137907055556403435e+01 2.541686829098997080e+01 2.457737016257235041e+01 2.436077329212995579e+01 2.321440143132212341e+01 2.137049311948687347e+01 2.254843185813658479e+01 2.020073836134272227e+01 2.207977113468045971e+01 2.606663210206074055e+01 2.204404846161355280e+01 2.402526720102974878e+01 2.476287005144003572e+01 2.240374611552157802e+01 2.139140079044808473e+01 2.241229046508698630e+01 2.262601097204062484e+01 2.366981201981100824e+01 2.438210854815612549e+01 2.382045705328262386e+01 2.164979612329156922e+01 2.172437387580401591e+01 2.311371776502829078e+01 2.060204273301396327e+01 2.249418488357538948e+01 1.857935126614787791e+01 2.372391350172515345e+01 2.503343056699236868e+01 2.453966710972738596e+01 2.266706513428441738e+01 2.468779165702852296e+01 2.613584784255008486e+01 2.122230412781627251e+01 2.041658986586868352e+01 2.373775241645936163e+01 2.409082740864747407e+01 2.371168836570822336e+01 2.362503987803671990e+01 2.145472032728369172e+01 2.380538169213506094e+01 2.324629165630734207e+01 2.192726189133178138e+01 2.126773579086253818e+01 2.092671873325421572e+01 2.391734905964405655e+01 2.453306204969937099e+01 2.356550989883043457e+01 2.342377682387582283e+01 2.106264503793882881e+01 2.275913469144621359e+01 2.411142951974201409e+01 2.103606991815837191e+01 2.339827511416939032e+01 2.552644922668894623e+01 2.213628508752213264e+01 2.294161713366236555e+01 2.285550238134362289e+01 2.306738308730836096e+01 2.494938852849254118e+01 2.161725529873969620e+01 2.371300535324812842e+01 1.949878398489764564e+01 2.286629217321044649e+01 2.276522081371586737e+01 2.269941241607179094e+01 2.495904418052317553e+01 2.293449558930930721e+01 2.097449798010027422e+01
2.320520262318217419e+01 2.465480397169736548e+01 2.703224956733163253e+01 2.444711655403079220e+01 2.337491562657296384e+01 2.707860245198548554e+01 2.622626824471499063e+01 3.003397486980317765e+01 2.462633350582222747e+01 2.590063012398464437e+01 2.733371000755554903e+01 2.380109437441601727e+01 3.374490136446272004e+01 2.284447551173730417e+01 2.463603267155066234e+01 2.467588995533441576e+01 2.444015006074888063e+01 2.233153195416490533e+01 2.573015580217102638e+01 2.649894537836586395e+01 2.423342875373111482e+01 2.686133907240484930e+01 2.515754671793564512e+01 2.347623805949518072e+01 2.452595801697932032e+01 2.292400693999855221e+01 2.524722630278738222e+01 2.430451231321772809e+01 2.679285662893506270e+01 2.305006862821999647e+01 2.561750078056762803e+01 2.413680531417013952e+01 2.618179912306323942e+01 2.693550600909288306e+01 2.349103707878782288e+01 2.691139129474787950e+01 2.406036213901997911e+01 2.165146752552209009e+01 2.459337578610042030e+01 2.144351944286863798e+01 2.354494893567589031e+01 2.809407991945895233e+01 2.335299014724064293e+01 2.521889077808549828e+01 2.600656207888878413e+01 2.476635713778343728e+01 2.353880910110427038e+01 2.501357612571433719e+01 2.394192554755919389e+01 2.532054847633100536e+01 2.512423928301577902e+01 2.323412136763229441e+01 2.313505345290604254e+01 2.399471036165131466e+01 2.609729750567253603e+01 2.337294905351696883e+01 2.358191725633056635e+01 2.074109205166211822e+01 2.643846618630681178e+01 2.427473887440251588e+01 2.563945009055398572e+01 2.558708667151348948e+01 2.634360641281028848e+01 2.546431707458773985e+01 2.249929835642108955e+01 2.105683063644245934e+01 2.389721116648453503e+01 2.524517190461986971e+01 2.602504708226102892e+01 2.477964602629048940e+01 2.267702974019907103e+01 2.650814172269874902e+01 2.537787230631609248e+01 2.354757140784548852e+01 2.478402646225530148e+01 2.358228352683624607e+01 2.517362830384560013e+01 2.778475147826157965e+01 2.584393455141320217e+01 2.487312269348098326e+01 2.132868185123846416e+01 2.543812702977678697e+01 2.426256289158115109e+01 1.943193853951184380e+01 2.390813317545465821e+01 2.701457155679435829e+01 2.294993166146000618e+01 2.379391868929564069e+01 2.388164773801075569e+01 2.463602965731876893e+01 2.758423456271411567e+01 2.385752545625083343e+01 2.518606254301899128e+01 2.198073683654396859e+01 2.696959399917587419e+01 2.299479085734517980e+01 2.521576071881601067e+01 2.524452085305923177e+01 2.399212725480440156e+01 2.050702527454744484e+01
2.012863149779552785e+01 2.137657720911732895e+01 2.463266307124415633e+01 2.540183227968485014e+01 2.199590382049926163e+01 2.386518399531143686e+01 2.433693459093086631e+01 2.875965946137031537e+01 2.324884699646469244e+01 2.372557229700995407e+01 2.510825965974403218e+01 2.061818247027410322e+01 2.284447551173730417e+01 2.972939866348916027e+01 2.391555995589711614e+01 2.298059904449385726e+01 2.465944980919987728e+01 2.145383062736645385e+01 2.434684800563353591e+01 2.451068651449018176e+01 2.399394472051013949e+01 2.309259780290965836e+01 2.398946290929412584e+01 2.322219903606614011e+01 2.085450324713854897e+01 2.335217415317383427e+01 2.231787748909739122e+01 2.153160941712222964e+01 2.437507274030794235e+01 1.997620623973484655e+01 2.322935353269091863e+01 2.485723567283689661e+01 2.246169133197104628e+01 2.517476997286761531e+01 2.272146764160999766e+01 2.329886524519186608e+01 2.266596961813296218e+01 2.127195942733803946e+01 2.427929571370746586e+01 2.172253286904309988e+01 2.058376897277230455e+01 2.640335524955910174e+01 2.320846193816672098e+01 2.431030331846896786e+01 2.333830663038634512e+01 2.294226994720039770e+01 2.117035468649728713e+01 2.284115660734234865e+01 2.434023796132018091e+01 2.384070393148893885e+01 2.425675225675914959e+01 2.225516633812181055e+01 2.389285400104556700e+01 2.243850256981827584e+01 2.458020773097400635e+01 2.143177142593773965e+01 2.350217269817536803e+01 2.001719962468432357e+01 2.312428270699571087e+01 2.382398296392474890e+01 2.448817761478152377e+01 2.387967126323574973e+01 2.513260916447221405e+01 2.333162328605364522e+01 2.054249367869917009e+01 1.946564573500683437e+01 2.251013824331548818e+01 2.264527925096482264e+01 2.345992817802794050e+01 2.465853991488998886e+01 2.046235779890803386e+01 2.396176339848430104e+01 2.304644986198966095e+01 2.156467600790952588e+01 2.196381652522846650e+01 2.254641353972649398e+01 2.156019524552154465e+01 2.421138417662007569e+01 2.283133435239859566e+01 2.372331491485576649e+01 2.138576650908075294e+01 2.252645806512790116e+01 2.146359308461704529e+01 1.908737483008637525e+01 2.333219970205615112e+01 2.432328603390048727e+01 2.114824049970190600e+01 2.196426394802074000e+01 2.092008532612961957e+01 2.222459660012383864e+01 2.398118620105831056e+01 2.207938657529997784e+01 2.371129911778695032e+01 1.854697779068966668e+01 2.485051172310246770e+01 2.231433549459294952e+01 2.098094063668810350e+01 2.471287602413986306e+01 2.076093478040992935e+01 1.932326589494523716e+01
2.554565754226226204e+01 2.524650143532869606e+01 2.732000298755992418e+01 2.748094403695987253e+01 2.691388016240279413e+01 2.702835250609442497e+01 2.742723777923642814e+01 3.036035929984238280e+01 2.528469652079661145e+01 2.630857246830265339e+01 2.827430090842067756e+01 2.380266429501138603e+01 2.463603267155066234e+01 2.391555995589711614e+01 3.509228699435808352e+01 2.558116895004928182e+01 2.676052847127245826e+01 2.534165502650516899e+01 2.763651393315395310e+01 2.649020094950033410e+01 2.725702759068817826e+01 2.784676947148096104e+01 2.697003214620995593e+01 2.733971747702683786e+01 2.476768254971542760e+01 2.641671347703414341e+01 2.611727817109746752e+01 2.431135849253919901e+01 2.893053041486641419e+01 2.488058662732014881e+01 2.656605780002587736e+01 2.746872708420094256e+01 2.496485879035032696e+01 2.748629393353973782e+01 2.649192728913633132e+01 2.750593739461842802e+01 2.643377151485139365e+01 2.305724725450708235e+01 2.809200484322381186e+01 2.497198705937230656e+01 2.426420876511035729e+01 2.920519208482540918e+01 2.431588086746303290e+01 2.554459695666475127e+01 2.436965376270265438e+01 2.652859209572517329e+01 2.434491411214980161e+01 2.563050243601281153e+01 2.573455461556281421e+01 2.756610164360650828e+01 2.629334928165819463e+01 2.524403948610195414e+01 2.447373018983837056e+01 2.448336107009793849e+01 2.691693259905124691e+01 2.475353279218102998e+01 2.592103290602079468e+01 2.177807738671262427e+01 2.716673101723250028e+01 2.689642636742890147e+01 2.551613330327040785e+01 2.531403082203977206e+01 2.785177109880095614e+01 2.583632029242891903e+01 2.452639161029007298e+01 2.208644854895769427e+01 2.760516804627146215e+01 2.637933727113773941e+01 2.597931329899362041e+01 2.650794129487987760e+01 2.447355913798047666e+01 2.557224512941966310e+01 2.665710777299142720e+01 2.455799231606252775e+01 2.507820813623558820e+01 2.472086737940123413e+01 2.444946093024602263e+01 2.715706558727791275e+01 2.697443997914981395e+01 2.684900963986929412e+01 2.097259193309544045e+01 2.572251291132567275e+01 2.512407689296511748e+01 2.252237521559801081e+01 2.523033991905641216e+01 2.742717815625867317e+01 2.282473277233051689e+01 2.635525012144017865e+01 2.466595766715660432e+01 2.432173041132613278e+01 2.990429151625357562e+01 2.678070230481410263e+01 2.630285475971266251e+01 2.227494540250319233e+01 2.659574397669006629e+01 2.623645384088364096e+01 2.512272164214963510e+01 2.830878474887061813e+01 2.448710195733638173e+01 2.299876808157420172e+01
2.319268880080864648e+01 2.364616910825889562e+01 2.624883643334043626e+01 2.672816328762034388e+01 2.529088855397757385e+01 2.641220424758276053e+01 2.526243162224060157e+01 2.963818136331986608e+01 2.472191643310329567e+01 2.403272517566956168e+01 2.538459206754029651e+01 2.304184705406072808e+01 2.467588995533441576e+01 2.298059904449385726e+01 2.558116895004928182e+01 3.279278688711143275e+01 2.547533187657628417e+01 2.274382487511940454e+01 2.421649254912945182e+01 2.745531337003582451e+01 2.730583439743242025e+01 2.490996062491612406e+01 2.478903402037255432e+01 2.449803971191954233e+01 2.365253861887261166e+01 2.340163248057946888e+01 2.593992121708988208e+01 2.235795154476758384e+01 2.497053240026525600e+01 2.395514051433346125e+01 2.575970488423365623e+01 2.404350278627800463e+01 2.563330804701340071e+01 2.784150575111199899e+01 2.476869285282092292e+01 2.717466620191151350e+01 2.693021197517438736e+01 2.185027295905543454e+01 2.697226025361602453e+01 2.160420793662713024e+01 2.332690541727966860e+01 2.844547162509081772e+01 2.310075111629011602e+01 2.561438116840946577e+01 2.441767210575223856e+01 2.514575812865311732e+01 2.518005029977155473e+01 2.414535877064676583e+01 2.497202056601397757e+01 2.617635809369825850e+01 2.367551641275262853e+01 2.261664216298246188e+01 2.286607986387060976e+01 2.328929777244779942e+01 2.512091790384723922e+01 2.277280376059826850e+01 2.491301110694776355e+01 2.007648453710989145e+01 2.586658827813593575e+01 2.643724908656876238e+01 2.433826382895553664e+01 2.389908557829243563e+01 2.664632191600406230e+01 2.429418183644604312e+01 2.181568119831450048e+01 2.116932942231245462e+01 2.379684329880302585e+01 2.421740789763394375e+01 2.548254555122962373e+01 2.562032441596024768e+01 2.393989877056248261e+01 2.443997326709382278e+01 2.522735043355276119e+01 2.421382002706505787e+01 2.255164890602179639e+01 2.360761380246374586e+01 2.423539076045625151e+01 2.695035491691183083e+01 2.539103703826025793e+01 2.687246793158098157e+01 1.997546042024913859e+01 2.562946293490800542e+01 2.499266342900802940e+01 2.141555302941681305e+01 2.479483790274263555e+01 2.635024775229923932e+01 2.281386835698815219e+01 2.488242781670305348e+01 2.284829445431506301e+01 2.340366292918809066e+01 2.595819723296536452e+01 2.500296526415012011e+01 2.539838350766267538e+01 2.167032651610530891e+01 2.426147400235957008e+01 2.485535629502629007e+01 2.401372122524871244e+01 2.767702201959984976e+01 2.130517205971936434e+01 2.142323238596432944e+01
